       142
       185
       220
       236
       234
       214
       176
       120
        56
4294967269
4294967178
4294967088
4294966998
4294966908
4294966818
4294966738
4294966667
4294966615
4294966571
4294966546
4294966539
4294966550
4294966579
4294966626
4294966681
4294966755
4294966837
4294966918
4294966999
4294967080
4294967161
4294967232
4294967294
        41
        76
        92
        90
        70
        32
4294967282
4294967217
4294967144
4294967062
4294966971
4294966881
4294966791
4294966701
4294966621
4294966550
4294966488
4294966435
4294966401
4294966385
4294966387
4294966407
4294966445
4294966491
4294966556
4294966629
4294966711
4294966792
4294966873
4294966954
4294967035
4294967106
4294967168
4294967221
4294967247
4294967256
4294967249
4294967235
4294967204
4294967157
4294967094
4294967025
4294966949
4294966865
4294966784
4294966704
4294966624
4294966536
4294966459
4294966393
4294966336
4294966299
4294966280
4294966270
4294966279
4294966306
4294966342
4294966387
4294966452
4294966525
4294966607
4294966689
4294966773
4294966850
4294966929
4294966999
4294967063
4294967120
4294967170
4294967194
4294967203
4294967198
4294967187
4294967160
4294967108
4294967052
4294966990
4294966921
4294966845
4294966764
4294966685
4294966609
4294966533
4294966468
4294966407
4294966357
4294966327
4294966313
4294966301
4294966309
4294966337
4294966374
4294966422
4294966480
4294966561
4294966641
4294966724
4294966809
4294966898
4294966990
4294967075
4294967152
4294967225
4294967285
        34
        62
        86
        89
        78
        61
        27
4294967276
4294967221
4294967163
4294967094
4294967021
4294966949
4294966881
4294966813
4294966753
4294966695
4294966648
4294966611
4294966590
4294966577
4294966577
4294966596
4294966620
4294966665
4294966718
4294966794
4294966871
4294966957
4294967043
4294967130
4294967221
        18
       113
       198
       278
       349
       402
       447
       474
       493
       492
       481
       451
       410
       349
       280
       199
       117
        35
4294967248
4294967160
4294967080
4294967008
4294966943
4294966886
4294966835
4294966811
4294966792
4294966788
4294966791
4294966820
4294966854
4294966900
4294966962
4294967030
4294967103
4294967187
4294967270
        52
       135
       213
       295
       365
       419
       471
       499
       523
       534
       524
       499
       464
       412
       352
       290
       213
       128
        33
4294967233
4294967139
4294967042
4294966950
4294966854
4294966762
4294966684
4294966612
4294966545
4294966503
4294966466
4294966443
4294966436
4294966442
4294966454
4294966475
4294966523
4294966572
4294966631
4294966692
4294966759
4294966824
4294966892
4294966962
4294967034
4294967108
4294967171
4294967234
4294967286
        39
        70
        96
       106
       110
        89
        61
        28
4294967270
4294967205
4294967131
4294967064
4294966975
4294966890
4294966799
4294966712
4294966619
4294966529
4294966445
4294966377
4294966315
4294966267
4294966225
4294966209
4294966198
4294966205
4294966232
4294966271
4294966327
4294966390
4294966470
4294966555
4294966657
4294966769
4294966882
4294966992
4294967106
4294967217
        37
       147
       247
       344
       425
       501
       566
       613
       644
       666
       670
       663
       647
       608
       561
       501
       430
       356
       273
       185
        94
         1
4294967211
4294967122
4294967041
4294966963
4294966889
4294966834
4294966783
4294966749
4294966723
4294966712
4294966701
4294966717
4294966740
4294966770
4294966816
4294966866
4294966924
4294966991
4294967054
4294967125
4294967196
4294967261
        28
        97
       157
       217
       265
       304
       330
       355
       366
       368
       360
       336
       308
       269
       221
       154
        82
4294967293
4294967209
4294967115
4294967022
4294966927
4294966834
4294966746
4294966652
4294966565
4294966481
4294966393
4294966316
4294966249
4294966186
4294966130
4294966078
4294966045
4294966028
4294966021
4294966026
4294966041
4294966077
4294966118
4294966178
4294966246
4294966328
4294966423
4294966526
4294966632
4294966745
4294966865
4294966983
4294967110
4294967233
        60
       186
       301
       411
       508
       604
       687
       760
       817
       863
       900
       909
       908
       887
       865
       821
       765
       700
       624
       531
       447
       343
       242
       140
        42
4294967230
4294967123
4294967019
4294966925
4294966834
4294966739
4294966660
4294966576
4294966509
4294966447
4294966392
4294966355
4294966332
4294966310
4294966297
4294966290
4294966299
4294966311
4294966326
4294966351
4294966385
4294966430
4294966471
4294966529
4294966587
4294966654
4294966723
4294966788
4294966863
4294966938
4294967016
4294967089
4294967164
4294967239
         5
        68
       115
       164
       204
       244
       269
       294
       321
       336
       343
       339
       327
       315
       293
       273
       241
       212
       169
       126
        88
        40
4294967292
4294967240
4294967183
4294967120
4294967060
4294967001
4294966945
4294966891
4294966833
4294966782
4294966736
4294966698
4294966658
4294966626
4294966601
4294966583
4294966566
4294966567
4294966569
4294966580
4294966598
4294966627
4294966666
4294966700
4294966741
4294966780
4294966832
4294966878
4294966932
4294966981
4294967024
4294967074
4294967123
4294967174
4294967231
4294967285
        45
        90
       138
       190
       238
       281
       310
       339
       362
       380
       388
       392
       392
       390
       376
       370
       350
       328
       294
       266
       227
       183
       137
        86
        38
4294967283
4294967238
4294967183
4294967128
4294967064
4294966997
4294966941
4294966878
4294966818
4294966757
4294966701
4294966643
4294966594
4294966548
4294966513
4294966484
4294966457
4294966429
4294966408
4294966391
4294966387
4294966385
4294966392
4294966408
4294966429
4294966455
4294966479
4294966515
4294966544
4294966580
4294966609
4294966651
4294966694
4294966729
4294966779
4294966820
4294966872
4294966922
4294966976
4294967032
4294967093
4294967157
4294967222
4294967294
        73
       156
       238
       308
       387
       466
       543
       629
       707
       784
       862
       928
       991
      1042
      1096
      1137
      1158
      1160
      1158
      1140
      1100
      1060
       999
       934
       851
       751
       642
       523
       402
       278
       140
4294967291
4294967143
4294966994
4294966845
4294966696
4294966550
4294966406
4294966275
4294966143
4294966023
4294965914
4294965823
4294965736
4294965665
4294965618
4294965585
4294965556
4294965543
4294965547
4294965562
4294965594
4294965636
4294965693
4294965759
4294965842
4294965931
4294966027
4294966138
4294966259
4294966388
4294966521
4294966650
4294966795
4294966938
4294967075
4294967220
        58
       185
       306
       416
       520
       618
       706
       787
       861
       925
       980
      1014
      1045
      1070
      1075
      1075
      1057
      1040
      1013
       984
       949
       905
       858
       809
       764
       721
       675
       636
       602
       562
       539
       510
       496
       484
       470
       470
       478
       490
       493
       514
       532
       551
       570
       588
       603
       614
       613
       607
       593
       574
       532
       478
       413
       332
       247
       142
        20
4294967186
4294967041
4294966889
4294966729
4294966557
4294966380
4294966209
4294966032
4294965858
4294965696
4294965528
4294965380
4294965237
4294965117
4294965014
4294964933
4294964862
4294964818
4294964790
4294964793
4294964815
4294964855
4294964917
4294964999
4294965105
4294965216
4294965350
4294965493
4294965651
4294965803
4294965967
4294966132
4294966302
4294966466
4294966623
4294966763
4294966901
4294967023
4294967116
4294967208
4294967283
        43
        74
       103
       108
       104
        79
        52
        14
4294967260
4294967212
4294967158
4294967100
4294967052
4294967011
4294966978
4294966965
4294966958
4294966985
4294967018
4294967085
4294967152
4294967246
        72
       211
       355
       516
       700
       881
      1078
      1282
      1479
      1672
      1871
      2048
      2225
      2374
      2503
      2614
      2697
      2762
      2784
      2785
      2754
      2695
      2619
      2518
      2394
      2244
      2084
      1911
      1732
      1552
      1363
      1174
       993
       829
       680
       550
       446
       364
       301
       267
       262
       276
       322
       389
       483
       576
       689
       818
       944
      1070
      1188
      1292
      1389
      1457
      1494
      1511
      1496
      1457
      1380
      1276
      1130
       949
       736
       502
       240
4294967258
4294966966
4294966659
4294966359
4294966056
4294965758
4294965480
4294965221
4294964991
4294964798
4294964643
4294964514
4294964427
4294964378
4294964378
4294964408
4294964476
4294964584
4294964712
4294964866
4294965035
4294965227
4294965417
4294965603
4294965779
4294965934
4294966061
4294966163
4294966223
4294966246
4294966222
4294966159
4294966043
4294965883
4294965691
4294965450
4294965187
4294964888
4294964582
4294964256
4294963931
4294963608
4294963294
4294963002
4294962748
4294962532
4294962367
4294962241
4294962172
4294962171
4294962228
4294962334
4294962500
4294962716
4294962983
4294963279
4294963600
4294963951
4294964308
4294964660
4294965008
4294965316
4294965602
4294965842
4294966026
4294966147
4294966200
4294966199
4294966121
4294965974
4294965764
4294965497
4294965192
4294964835
4294964452
4294964048
4294963642
4294963252
4294962882
4294962565
4294962287
4294962081
4294961942
4294961878
4294961908
4294962030
4294962237
4294962523
4294962895
4294963335
4294963831
4294964372
4294964946
4294965534
4294966128
4294966699
4294967230
       392
       783
      1082
      1279
      1372
      1358
      1227
       977
       625
       187
4294966974
4294966399
4294965770
4294965131
4294964485
4294963873
4294963301
4294962815
4294962428
4294962161
4294962021
4294962023
4294962183
4294962493
4294962964
4294963574
4294964311
4294965159
4294966102
4294967108
       843
      1873
      2861
      3766
      4564
      5218
      5693
      5977
      6035
      5864
      5462
      4832
      3978
      2917
      1691
       321
4294966157
4294964640
4294963129
4294961687
4294960377
4294959237
4294958340
4294957746
4294957495
4294957629
4294958179
4294959179
4294960644
4294962567
4294964949
       454
      3654
      7197
     11026
     15067
     19246
     23479
     27690
     31773
     35645
     39223
     42422
     45170
     47394
     49051
     50095
     50576
     50095
     49051
     47394
     45170
     42422
     39223
     35645
     31773
     27690
     23479
     19246
     15067
     11026
      7197
      3654
       454
4294964949
4294962567
4294960644
4294959179
4294958179
4294957629
4294957495
4294957746
4294958340
4294959237
4294960377
4294961687
4294963129
4294964640
4294966157
       321
      1691
      2917
      3978
      4832
      5462
      5864
      6035
      5977
      5693
      5218
      4564
      3766
      2861
      1873
       843
4294967108
4294966102
4294965159
4294964311
4294963574
4294962964
4294962493
4294962183
4294962023
4294962021
4294962161
4294962428
4294962815
4294963301
4294963873
4294964485
4294965131
4294965770
4294966399
4294966974
       187
       625
       977
      1227
      1358
      1372
      1279
      1082
       783
       392
4294967230
4294966699
4294966128
4294965534
4294964946
4294964372
4294963831
4294963335
4294962895
4294962523
4294962237
4294962030
4294961908
4294961878
4294961942
4294962081
4294962287
4294962565
4294962882
4294963252
4294963642
4294964048
4294964452
4294964835
4294965192
4294965497
4294965764
4294965974
4294966121
4294966199
4294966200
4294966147
4294966026
4294965842
4294965602
4294965316
4294965008
4294964660
4294964308
4294963951
4294963600
4294963279
4294962983
4294962716
4294962500
4294962334
4294962228
4294962171
4294962172
4294962241
4294962367
4294962532
4294962748
4294963002
4294963294
4294963608
4294963931
4294964256
4294964582
4294964888
4294965187
4294965450
4294965691
4294965883
4294966043
4294966159
4294966222
4294966246
4294966223
4294966163
4294966061
4294965934
4294965779
4294965603
4294965417
4294965227
4294965035
4294964866
4294964712
4294964584
4294964476
4294964408
4294964378
4294964378
4294964427
4294964514
4294964643
4294964798
4294964991
4294965221
4294965480
4294965758
4294966056
4294966359
4294966659
4294966966
4294967258
       240
       502
       736
       949
      1130
      1276
      1380
      1457
      1496
      1511
      1494
      1457
      1389
      1292
      1188
      1070
       944
       818
       689
       576
       483
       389
       322
       276
       262
       267
       301
       364
       446
       550
       680
       829
       993
      1174
      1363
      1552
      1732
      1911
      2084
      2244
      2394
      2518
      2619
      2695
      2754
      2785
      2784
      2762
      2697
      2614
      2503
      2374
      2225
      2048
      1871
      1672
      1479
      1282
      1078
       881
       700
       516
       355
       211
        72
4294967246
4294967152
4294967085
4294967018
4294966985
4294966958
4294966965
4294966978
4294967011
4294967052
4294967100
4294967158
4294967212
4294967260
        14
        52
        79
       104
       108
       103
        74
        43
4294967283
4294967208
4294967116
4294967023
4294966901
4294966763
4294966623
4294966466
4294966302
4294966132
4294965967
4294965803
4294965651
4294965493
4294965350
4294965216
4294965105
4294964999
4294964917
4294964855
4294964815
4294964793
4294964790
4294964818
4294964862
4294964933
4294965014
4294965117
4294965237
4294965380
4294965528
4294965696
4294965858
4294966032
4294966209
4294966380
4294966557
4294966729
4294966889
4294967041
4294967186
        20
       142
       247
       332
       413
       478
       532
       574
       593
       607
       613
       614
       603
       588
       570
       551
       532
       514
       493
       490
       478
       470
       470
       484
       496
       510
       539
       562
       602
       636
       675
       721
       764
       809
       858
       905
       949
       984
      1013
      1040
      1057
      1075
      1075
      1070
      1045
      1014
       980
       925
       861
       787
       706
       618
       520
       416
       306
       185
        58
4294967220
4294967075
4294966938
4294966795
4294966650
4294966521
4294966388
4294966259
4294966138
4294966027
4294965931
4294965842
4294965759
4294965693
4294965636
4294965594
4294965562
4294965547
4294965543
4294965556
4294965585
4294965618
4294965665
4294965736
4294965823
4294965914
4294966023
4294966143
4294966275
4294966406
4294966550
4294966696
4294966845
4294966994
4294967143
4294967291
       140
       278
       402
       523
       642
       751
       851
       934
       999
      1060
      1100
      1140
      1158
      1160
      1158
      1137
      1096
      1042
       991
       928
       862
       784
       707
       629
       543
       466
       387
       308
       238
       156
        73
4294967294
4294967222
4294967157
4294967093
4294967032
4294966976
4294966922
4294966872
4294966820
4294966779
4294966729
4294966694
4294966651
4294966609
4294966580
4294966544
4294966515
4294966479
4294966455
4294966429
4294966408
4294966392
4294966385
4294966387
4294966391
4294966408
4294966429
4294966457
4294966484
4294966513
4294966548
4294966594
4294966643
4294966701
4294966757
4294966818
4294966878
4294966941
4294966997
4294967064
4294967128
4294967183
4294967238
4294967283
        38
        86
       137
       183
       227
       266
       294
       328
       350
       370
       376
       390
       392
       392
       388
       380
       362
       339
       310
       281
       238
       190
       138
        90
        45
4294967285
4294967231
4294967174
4294967123
4294967074
4294967024
4294966981
4294966932
4294966878
4294966832
4294966780
4294966741
4294966700
4294966666
4294966627
4294966598
4294966580
4294966569
4294966567
4294966566
4294966583
4294966601
4294966626
4294966658
4294966698
4294966736
4294966782
4294966833
4294966891
4294966945
4294967001
4294967060
4294967120
4294967183
4294967240
4294967292
        40
        88
       126
       169
       212
       241
       273
       293
       315
       327
       339
       343
       336
       321
       294
       269
       244
       204
       164
       115
        68
         5
4294967239
4294967164
4294967089
4294967016
4294966938
4294966863
4294966788
4294966723
4294966654
4294966587
4294966529
4294966471
4294966430
4294966385
4294966351
4294966326
4294966311
4294966299
4294966290
4294966297
4294966310
4294966332
4294966355
4294966392
4294966447
4294966509
4294966576
4294966660
4294966739
4294966834
4294966925
4294967019
4294967123
4294967230
        42
       140
       242
       343
       447
       531
       624
       700
       765
       821
       865
       887
       908
       909
       900
       863
       817
       760
       687
       604
       508
       411
       301
       186
        60
4294967233
4294967110
4294966983
4294966865
4294966745
4294966632
4294966526
4294966423
4294966328
4294966246
4294966178
4294966118
4294966077
4294966041
4294966026
4294966021
4294966028
4294966045
4294966078
4294966130
4294966186
4294966249
4294966316
4294966393
4294966481
4294966565
4294966652
4294966746
4294966834
4294966927
4294967022
4294967115
4294967209
4294967293
        82
       154
       221
       269
       308
       336
       360
       368
       366
       355
       330
       304
       265
       217
       157
        97
        28
4294967261
4294967196
4294967125
4294967054
4294966991
4294966924
4294966866
4294966816
4294966770
4294966740
4294966717
4294966701
4294966712
4294966723
4294966749
4294966783
4294966834
4294966889
4294966963
4294967041
4294967122
4294967211
         1
        94
       185
       273
       356
       430
       501
       561
       608
       647
       663
       670
       666
       644
       613
       566
       501
       425
       344
       247
       147
        37
4294967217
4294967106
4294966992
4294966882
4294966769
4294966657
4294966555
4294966470
4294966390
4294966327
4294966271
4294966232
4294966205
4294966198
4294966209
4294966225
4294966267
4294966315
4294966377
4294966445
4294966529
4294966619
4294966712
4294966799
4294966890
4294966975
4294967064
4294967131
4294967205
4294967270
        28
        61
        89
       110
       106
        96
        70
        39
4294967286
4294967234
4294967171
4294967108
4294967034
4294966962
4294966892
4294966824
4294966759
4294966692
4294966631
4294966572
4294966523
4294966475
4294966454
4294966442
4294966436
4294966443
4294966466
4294966503
4294966545
4294966612
4294966684
4294966762
4294966854
4294966950
4294967042
4294967139
4294967233
        33
       128
       213
       290
       352
       412
       464
       499
       524
       534
       523
       499
       471
       419
       365
       295
       213
       135
        52
4294967270
4294967187
4294967103
4294967030
4294966962
4294966900
4294966854
4294966820
4294966791
4294966788
4294966792
4294966811
4294966835
4294966886
4294966943
4294967008
4294967080
4294967160
4294967248
        35
       117
       199
       280
       349
       410
       451
       481
       492
       493
       474
       447
       402
       349
       278
       198
       113
        18
4294967221
4294967130
4294967043
4294966957
4294966871
4294966794
4294966718
4294966665
4294966620
4294966596
4294966577
4294966577
4294966590
4294966611
4294966648
4294966695
4294966753
4294966813
4294966881
4294966949
4294967021
4294967094
4294967163
4294967221
4294967276
        27
        61
        78
        89
        86
        62
        34
4294967285
4294967225
4294967152
4294967075
4294966990
4294966898
4294966809
4294966724
4294966641
4294966561
4294966480
4294966422
4294966374
4294966337
4294966309
4294966301
4294966313
4294966327
4294966357
4294966407
4294966468
4294966533
4294966609
4294966685
4294966764
4294966845
4294966921
4294966990
4294967052
4294967108
4294967160
4294967187
4294967198
4294967203
4294967194
4294967170
4294967120
4294967063
4294966999
4294966929
4294966850
4294966773
4294966689
4294966607
4294966525
4294966452
4294966387
4294966342
4294966306
4294966279
4294966270
4294966280
4294966299
4294966336
4294966393
4294966459
4294966536
4294966624
4294966704
4294966784
4294966865
4294966949
4294967025
4294967094
4294967157
4294967204
4294967235
4294967249
4294967256
4294967247
4294967221
4294967168
4294967106
4294967035
4294966954
4294966873
4294966792
4294966711
4294966629
4294966556
4294966491
4294966445
4294966407
4294966387
4294966385
4294966401
4294966435
4294966488
4294966550
4294966621
4294966701
4294966791
4294966881
4294966971
4294967062
4294967144
4294967217
4294967282
        32
        70
        90
        92
        76
        41
4294967294
4294967232
4294967161
4294967080
4294966999
4294966918
4294966837
4294966755
4294966681
4294966626
4294966579
4294966550
4294966539
4294966546
4294966571
4294966615
4294966667
4294966738
4294966818
4294966908
4294966998
4294967088
4294967178
4294967269
        56
       120
       176
       214
       234
       236
       220
       185
       142
